100
44
5 5 5 5 6 6 6 6 6 6 6 6 6 6 6 6 6 6 6 6 6 6 6 6 6 6 6 6 6 6 6 6 6 6 6 6 6 6 4 4 4 4 10 10
9
3 3 3 3 3 3 3 3 3 3
31
9 9 9 9 9 9 9 9 9 9 9 9 9 9 9 9 9 9 9 9 9 9 9 9 9 9 9 9 9 7 3
4
6 6 6 5
6
2 2 2 5 7 10
24
3 3 3 6 6 6 6 6 6 6 6 6 6 6 6 6 6 6 6 6 6 4 8 7
31
5 5 5 5 5 5 5 5 5 5 5 5 5 10 10 10 10 10 10 10 10 10 10 10 10 10 10 10 3 3 5
26
10 10 10 10 10 10 10 10 10 10 10 10 10 10 10 10 10 8 8 8 8 8 8 8 8 9
46
10 10 10 10 10 10 10 10 10 10 10 10 10 10 10 10 10 10 10 10 10 10 10 3 10 10 10 10 4 4 4 4 4 4 4 4 4 4 4 2 2 8 8 8 5 10
11
1 1 1 1 1 1 1 1 1 9 9
43
6 6 6 6 6 6 6 6 6 6 6 5 5 5 5 5 5 5 5 5 5 5 5 5 5 5 5 5 5 5 5 5 5 5 8 10 7 7 7 6 6 6 10
9
1 1 1 1 1 1 8 5 5
18
5 8 8 8 8 8 8 8 8 8 8 8 8 8 8 8 8 8
4
10 2 2 2
50
3 9 9 9 9 9 9 9 9 9 9 9 9 9 9 9 9 9 9 9 9 9 9 9 9 9 9 9 9 9 9 9 9 9 9 9 1 1 1 1 1 1 1 1 1 1 1 1 4 4
9
10 10 10 10 10 10 10 10 5
50
8 8 8 8 8 8 3 3 3 3 3 3 3 3 3 3 3 3 3 3 3 3 3 3 3 3 3 3 3 3 3 3 3 3 3 3 2 2 2 2 2 2 2 2 2 9 9 8 8 8
18
4 4 4 4 4 4 4 4 4 4 4 4 4 4 9 9 9 6
41
4 4 4 4 4 4 4 4 4 4 4 4 4 4 4 4 4 4 4 4 4 4 4 4 4 4 4 4 4 4 4 4 4 4 3 3 7 7 7 7 3
24
9 9 7 7 7 7 7 7 7 7 7 7 7 7 7 7 7 7 7 7 7 8 9 8
12
6 6 6 6 6 6 6 6 6 6 6 6
9
8 8 8 8 8 8 8 8 4
18
2 2 2 2 2 2 2 2 2 2 2 2 1 1 1 1 1 1
17
3 3 3 3 3 3 3 3 3 3 3 3 7 1 1 1 6
38
6 6 6 6 6 6 6 6 6 6 6 6 6 6 6 6 6 6 6 6 6 6 6 6 6 6 6 6 9 9 9 9 9 9 9 9 9 8
17
5 2 2 2 2 2 2 2 2 5 5 5 2 2 2 2 5
48
8 8 8 8 8 8 8 8 8 3 3 3 3 3 3 3 3 3 3 2 2 2 2 2 2 2 2 2 2 2 2 2 2 2 2 2 2 2 2 2 2 2 2 2 2 2 8 7
21
4 4 4 9 9 9 9 9 9 9 9 9 9 9 9 9 9 9 9 3 3
36
1 1 1 1 6 6 7 7 7 7 7 7 7 7 2 2 2 2 2 2 9 9 9 9 9 9 4 4 4 4 4 4 4 3 3 6
6
10 10 10 10 10 10
2
3 3
9
6 6 6 6 6 8 8 8 2
29
5 5 5 5 5 5 5 5 5 5 5 5 5 5 5 5 1 1 1 1 1 1 1 1 1 4 4 4 2
12
7 7 7 7 7 7 7 7 3 3 8 8
20
7 7 7 4 4 4 4 4 4 4 4 1 1 1 1 1 1 1 1 7
35
3 3 3 3 3 3 3 3 3 3 3 3 3 3 3 3 3 3 3 3 3 3 3 3 3 3 3 3 3 3 6 6 6 6 4
49
9 9 9 9 9 3 3 3 3 3 3 3 3 3 3 3 3 3 3 3 3 3 2 2 2 2 2 2 2 2 2 2 2 2 2 2 2 2 2 2 2 2 2 8 1 5 5 5 6
36
4 4 4 4 4 4 4 4 4 4 4 4 4 4 4 4 4 4 4 4 4 4 4 4 4 2 2 2 2 2 2 9 9 9 9 9
11
3 7 7 7 7 7 2 2 2 1 1
22
10 10 10 10 10 10 10 10 10 10 10 10 10 10 10 10 10 10 10 10 5 5
3
1 1 6
33
10 10 10 10 10 10 10 6 6 6 6 6 6 6 6 6 3 3 3 3 3 3 3 3 3 3 3 3 3 3 3 4 4
44
2 2 2 2 2 2 2 2 2 2 2 2 2 2 2 1 1 1 1 1 1 1 1 1 1 1 1 1 1 4 4 4 4 4 4 4 4 4 4 4 4 4 9 6
41
8 8 8 8 8 8 8 8 8 8 8 8 8 8 8 8 8 8 8 8 8 8 8 8 10 10 10 10 10 10 10 10 10 7 7 7 7 7 7 5 5
29
7 7 7 9 9 9 9 9 9 9 9 9 9 9 9 9 9 9 9 9 7 7 7 7 7 7 7 9 9
20
9 9 9 9 9 9 9 9 9 9 9 9 9 9 9 9 9 9 4 8
18
10 10 10 8 8 8 8 8 4 4 4 4 4 4 4 4 4 4
44
10 10 10 10 10 10 10 10 1 1 1 1 1 1 1 1 1 1 1 1 1 1 1 1 1 1 1 1 1 1 1 1 1 1 1 1 1 1 1 7 7 7 1 1
21
2 2 2 2 2 2 2 2 2 2 2 2 2 2 2 2 2 2 2 2 2
29
10 10 10 10 10 10 10 10 10 10 10 3 3 3 3 4 4 4 4 4 4 4 4 4 4 4 4 4 4
4
8 8 8 6
13
1 1 1 1 1 3 3 3 3 1 1 1 1
2
3 3
44
5 5 5 5 5 5 5 5 5 5 5 5 5 5 5 5 5 3 3 3 3 3 3 3 3 3 3 3 3 3 3 3 3 3 3 7 7 7 7 2 2 1 1 1
4
4 4 4 4
33
8 8 8 8 8 8 8 8 8 8 8 8 8 4 4 4 4 4 4 4 4 4 4 4 4 4 10 10 10 10 10 10 9
30
1 1 1 1 1 1 1 1 1 1 1 1 1 1 1 1 1 1 1 1 1 1 1 1 1 1 1 1 10 10
2
3 9
37
4 4 4 4 4 4 4 4 4 4 4 4 4 4 4 4 4 4 3 3 3 3 3 3 3 3 3 3 3 3 3 8 8 8 8 8 5
42
10 10 10 10 10 10 10 10 10 10 10 10 10 10 10 10 10 10 8 8 8 8 8 8 8 8 8 8 8 8 8 8 8 8 8 8 8 8 9 9 9 9
10
7 7 7 7 7 7 7 7 7 7
42
10 10 10 10 10 10 10 10 10 10 10 10 10 10 10 10 10 10 10 10 10 10 10 10 10 10 10 10 10 10 10 10 10 10 10 10 10 10 10 10 10 8
13
10 10 10 10 10 10 10 10 10 10 10 10 10
10
8 8 8 8 8 8 9 9 9 7
3
7 7 5
30
10 10 10 10 10 10 10 10 10 10 10 10 10 10 10 10 10 10 10 10 10 10 10 10 10 10 10 10 10 10
29
10 10 10 10 10 10 10 10 7 7 7 7 7 7 7 3 3 3 3 3 3 3 3 3 4 1 5 5 5
2
10 10
10
10 10 9 9 9 9 9 9 9 8
27
2 2 2 2 2 2 2 2 2 2 2 2 2 2 2 2 2 8 8 8 8 3 3 3 3 3 3
42
4 4 4 4 4 4 4 4 4 4 4 4 4 4 4 4 4 4 4 4 4 4 4 4 4 4 4 4 4 4 4 4 4 4 4 4 4 4 4 4 7 7
30
7 7 7 7 7 7 7 7 7 7 7 7 7 7 7 7 1 1 7 7 7 7 7 7 7 7 9 9 9 9
40
6 6 6 6 6 6 6 6 6 6 6 6 6 6 6 6 6 6 6 6 6 6 6 6 6 6 6 6 6 6 6 6 6 6 6 6 6 6 6 6
38
5 5 5 5 5 5 5 5 5 5 5 5 5 5 5 5 5 5 5 5 5 5 5 7 7 7 7 7 7 7 7 7 7 7 3 2 1 4
2
7 7
35
5 5 5 5 5 5 5 5 5 5 5 5 5 5 5 5 5 5 5 5 1 1 1 1 1 1 5 5 5 3 3 3 2 2 1
23
10 10 10 10 10 10 10 10 10 10 10 10 10 10 10 10 10 10 10 10 5 5 4
13
5 5 5 5 5 5 5 5 5 5 5 5 5
14
7 7 7 7 7 7 7 7 7 7 7 7 7 7
39
8 8 8 8 8 8 8 8 8 8 8 8 8 8 8 8 8 8 8 8 8 8 8 8 6 3 3 3 3 3 3 3 3 3 3 3 3 3 3
50
3 3 3 3 3 3 3 3 3 3 3 3 3 3 3 3 3 3 3 3 3 3 3 3 3 3 3 3 3 3 3 3 3 3 3 3 3 3 3 3 6 6 6 6 6 7 7 7 7 7
7
9 9 9 9 10 10 5
7
7 7 7 7 5 2 2
31
1 1 1 1 1 1 1 1 1 1 1 1 1 1 1 1 1 1 1 1 8 8 8 8 8 8 8 8 8 8 8
36
10 10 10 10 10 10 10 10 10 10 10 10 10 10 10 10 10 10 10 10 10 10 10 10 10 10 10 4 4 4 4 1 1 1 1 8
47
3 3 3 3 3 3 3 3 3 3 3 3 3 3 3 3 3 3 3 3 3 3 3 8 8 8 8 8 8 8 8 8 8 8 8 8 8 8 8 8 8 8 8 8 10 6 6
40
6 6 6 6 6 6 6 6 6 6 6 6 6 6 6 6 6 6 6 6 3 3 3 3 3 3 3 3 3 3 3 3 3 3 3 3 8 9 9 9
37
4 4 4 4 4 4 4 4 4 4 4 4 4 4 4 4 10 10 10 10 10 10 10 10 10 10 10 10 10 5 3 3 3 2 2 3 3
5
10 10 10 10 8
27
1 1 1 1 1 1 1 1 1 1 1 1 1 1 1 1 1 1 1 1 1 1 1 1 1 1 8
12
6 6 6 7 7 7 7 7 7 7 7 7
3
6 6 6
40
9 9 9 9 9 9 9 9 9 9 9 9 9 9 9 9 9 9 9 9 9 9 9 9 9 9 9 5 5 5 5 5 5 5 5 4 4 4 4 5
5
1 1 1 3 10
21
2 2 2 2 2 2 2 2 7 7 7 7 7 7 7 7 7 7 2 6 6
40
4 4 4 4 4 4 4 8 8 8 8 8 8 8 8 8 8 8 8 8 8 8 8 8 4 4 4 4 4 4 4 2 2 2 2 4 9 1 1 9
22
1 1 1 1 1 1 1 1 1 1 1 1 1 1 1 8 8 8 8 8 10 6
8
9 9 9 9 9 9 9 10
18
4 4 4 4 4 4 4 4 7 7 7 7 7 8 8 8 8 7
45
1 1 1 1 1 1 1 1 1 1 1 1 1 1 1 1 1 1 1 1 1 5 5 5 5 5 5 5 5 5 5 5 5 5 5 5 5 5 5 5 5 5 5 8 8
