690
79392390226162438
5343566186168319
181684068115386332
2779173394259533
208699451509777614
538884200757390415
698813321430923183
341661350502231579
578628210563571021
628932220365681150
595033831799952105
120617763915157818
685507381492587531
87172144123444208
923492174245656933
277923915569932431
271819372812280534
576100750306019798
927666866603892483
400279331136366314
966186455939163531
746273087664999773
222603069940450795
19747707801231279
504021814648679927
1942878499055642
301148388140046547
866729818986655769
632634078806418320
962616335408642607
5207525193056605
978575038176410981
757853497407192143
482430779538036718
863600984735226468
526919391829787437
526906354125708833
347303565749509423
66159626367051273
403257057422697798
868247558422685841
37426979821912301
56273238993515972
856806747882822
899934292823700760
456525430804525901
769273724287616823
980936882527127218
547325325315884016
65163934410926306
51110481444599683
93230098430533193
570308516293050022
180042613636468142
660101295583299670
59165937380865208
5985509285952094
402777510421234256
379468066263861935
469117078279402355
87562693925642508
83928254709352775
65775687917381494
88996348613101012
857818666676640
876543676989408708
451276323969773775
41994189921584837
115340152452500870
510569337775441447
35800538422251633
8823010894302408
708203727411600520
16805301987671790
675462456637170097
219590503615541507
415328961156035115
324894279481104648
73416607413890627
94672201811714831
420567268823265691
1123536871843591
645555821273581793
745944786760895973
726082664256514121
388853775614399560
678765754397676786
361218323239485836
809277306529271342
327157626337256117
18957794546748129
952797624434286755
702783245130208258
915391403628716210
544098886714629776
492947399817182512
390411823346587293
54154245835967641
620169087287487242
649379973198768106
396517721890750106
66568402475283472
14094324726902344
167285666950220554
408690044494443292
139993026427647838
89370777992790648
861934594449007379
222998906629842352
77723586619614150
196988484423187343
436796659587400307
769774637978339118
475884306242460079
118342715125264276
441228185514860436
868530741106912206
4426602669473985
986330911609945932
812210897247537310
956905582952203924
527701506850613358
44994569242152455
152137093120509833
87199480882377037
74012398468983289
50556438129436998
508899954275339015
860292474984784260
517799094978635189
962564895811543637
346011980831095633
770972201641188604
693085976609819467
103650891505296871
85735677760556470
310017150237574638
763686187207528077
479727094915823280
328037910204238257
998200317920678252
125737904503764695
950115251634637858
631620068662924080
6194221151935517
494075625434503365
813479154840087605
118115353584451352
333792565811201330
46787174437443456
169014556904143951
497999927479031706
141718587114202469
686559783473962039
3002574614597690
67820029628226060
787792301803938200
384507114590423907
43857605516127179
253347984910514528
18062697747423609
345017891684058209
440027570463133244
121025917773820135
126850929167813091
63779946295865485
71957040561779873
77489719166191985
675982342461456971
392670382558524446
32857102070870675
439266865116363318
874808875823773979
559303583165901285
692417516812651567
76415810562996571
412591532273950059
99571136705135460
589599662220597053
331471950716450591
388410144395251896
12316074312883542
957031770787213265
231591885485530467
101186592624262267
44054911282273970
695132942335838134
251153646422458172
12128468810457229
440875815704545984
475625151369807984
120058911888216683
643758043219630047
44586849885874060
440227100777340448
802324652828637244
172592342814640726
141520784982140470
454370346225629027
320187292408073296
849891295216758561
690347266397540592
552596695941500912
819998765564725163
751958138113390935
12178750380099645
483198919241846414
968316328126956960
313992819266701182
65347378754219919
44041627867672030
43537351869150327
534829111429410660
51290794989199458
655039688371478087
249789109357447338
588236648940136376
754987930140833341
881637285427503050
558074862486111779
540893986679862365
56621142424092902
921708779387044107
356622088217953
65374528968913599
842437872550303275
936585629130327746
619453602323931096
412254764670744397
16564690967294449
894738842415436018
277258145335491845
35557239132246073
32884154489726032
459749123886916407
428354169643106
566778769994565593
877252370341003904
234126055880818590
429221857740387703
802248547124176085
290690975591350532
107020189910144577
915281628519274953
43340532980928534
439085761180660526
496364552716343906
516152372704453302
748589979844993916
79417933460855458
73191032075049858
914014925151205445
69615448791267292
344725707156257861
524602238773947564
896645564179367140
75064000739852894
770717672857660196
802513830685999297
37693514788435514
619444189816020908
269096041115808739
384881169785248413
672778399133471146
630242326319474088
46842962214669002
394523946960857887
218390805316655752
604641535563116512
472913613981760131
189580431222075533
161127268940220439
114444785931844941
797880632916958615
47036059327332134
539412789804780
695869400274490168
5812987780750567
59738578583424634
66738071542497262
902898722113581033
609682622297422665
926955278828073427
614078417384113168
391189936939508388
218389654580770368
14100276379516923
373507162128545062
16387821923904149
45503674486755170
5123628450897801
429076308747105684
177904327339722543
68037260990159263
923147177747110680
485172884826045896
71320807194855503
975984919492679705
922928931442579691
729309231166635222
382088077947698886
599921948396188353
179732164973429110
524733415343610383
997333260422753448
83036555348569541
326167607111958217
648191583504071935
451680760181080548
446747556374827935
928191228931920440
53390186493915655
2677594129375103
839111718802221230
324471152568420946
821372810706559229
368636187421294756
955263941548368351
247240221332513711
891978734244573478
755267159574860643
14565937781434764
686818860646367319
438023057138499617
827447867884770613
365843910608155450
816691051271750455
102071102695983350
153641916793699178
350720935478113068
21463648024610100
37188653583272667
445904856992452594
131641016693145078
324966302876136108
79023491480233459
303513106935894292
14184581990331966
434777966452207638
981347942262225830
189494606199708207
8703812806185654
471458662824968741
554685362625100578
471184274757922655
103213644685820754
782532756140402297
26909341980953967
985371249253250793
774099045162853906
129386898416850315
95603723432900005
205260962109788304
275748326640038928
414512300109612623
902264758604006907
161837189625162393
462708919633295851
30264748917394279
110912785773831764
62783329266642787
312168873410366045
59561442581262292
49132001344932688
834513085117935413
60302952816416342
534785728155906676
101832702740046690
265694980377581028
232601973680207281
339710010134866728
136730543501547199
612545480599439462
134843047767709327
46935009998272190
39405744697183389
17431335706226320
36006579276992777
140004967851385805
974441826974518053
82183757734744776
643450750209139660
190651452745283452
949186351308862790
12286447734304679
989070071315090845
21687766125800611
816638044634233246
577756432803997450
25445892847106528
902269640648516375
144289917919700976
354742692356872068
849210111494747659
60774228823651935
321782067882611805
710913069965232817
91751463901564521
563032624893454172
62943666538413460
92775885152013735
853504305949446617
30330704670142347
436196218460603494
326656152690655147
50771002381442147
339171519504516298
1143120546430569
861388366702869590
41178225922162595
379037880215476651
65729075589950946
33225823749042218
844031825596258448
495012745906975491
134671905422771594
811505584840692568
224734566694352647
363351270660930785
154956138690007422
351585929515182519
771449570543273806
19698815625109048
89704372733603539
327978635983398958
508282489707016515
5139196418089600
64948381984617788
767131818493515641
533392594114660919
253007488520580857
53743251364513069
361273422762167079
758865716724624693
275614219766338213
267148470627200148
28152072938598037
22990309153735902
663707086112694681
739855800844202079
96093637100654644
4037349501959
11874424453218766
84619747885876063
399250766618012341
536979652258254
138593195390485850
716771323352382976
5169284328153395
929524027280783504
94491605196672494
760500010228528692
87786890783490320
234780953751493976
896185001974636753
448212410844794996
75291394851947360
844796956194035639
905166127781933061
932428060156933248
252461758785481397
809191502243571311
28483602378479180
59595428733652886
706632575377994669
166952748653640538
574667164927452759
734685589662454054
710943076969466542
266464385459644432
944103292714676795
156955784871911044
419140511854269098
65946680176822993
636202156850891098
333756241888663914
636372492142947740
132235223664856094
521426920580705868
55102533980575851
958700538717978087
586732747385884057
645430843321418333
900854469208890274
14340123019835209
52105106587504519
734512004678006849
8119319226168870
384792302730394960
18299186320994455
581286056516748104
76217472870174903
659695844746926309
58754735633639120
180148532138572692
114214971991365428
856550779553464076
229765840354497978
874882410130620306
41590461018283637
150455515936955675
958304518737483878
467478879622752795
743652748852271181
353147752926644612
725781995786950166
443392713340473078
857125070955604916
87399384297188781
989244036120064274
435761473955975365
111429700144828607
361955796193711898
35184294389354561
324332205767747554
107638199327304078
704703226918459075
6478795324698461
393728225808440702
876969642746875977
587601669602751634
38634249930994379
94322471295983924
839115653883140454
393172705680876044
855721087828934178
489367764819667145
826279143851323561
13379040178122084
940678122190227603
945869638900832679
517531682503089219
671808109582319635
52778768065536331
243276692257273678
664928667830878361
86002531251271163
714389099655766380
147255087406021107
391423189540427792
8689714999660631
221878325576264913
91932777648157465
280104829932706817
78795907220782949
122934417877181903
121615625492982457
232787478645940093
75302090760575158
711476424171095140
17848833228921446
854489860730390504
280192609421395314
238673239279964054
827416421482612786
820391846914313570
582273418894786529
343094839501601191
795460353623199668
286824363874256260
696498975262275139
603954519670630959
755257596836741997
316571049683076044
449833510880563831
706687543320198702
109485275561177400
50589203242194242
982572714141778800
522158297662505490
624391586195066498
42933541659181359
89853025772430255
560782551885313378
248146278700123272
612085993944645254
96239841168556867
467792568570172363
905298864784363617
105764762355132372
517443803812452305
675331074626929078
226146060578436635
86912332161235129
572731793243797973
72374062049639734
4388644715592391
108821094528717496
778022646669603645
266547229878685282
222243272731149581
67584689137158039
799706448143639456
607330402705005310
780519431565611522
912654040297963232
230580183440501469
777408668456726243
18938101499048344
370477731444186252
74284631794218348
493825986181710786
99810739602647080
562944640730349743
124767080829491870
461551380347010353
413157806137398269
384168392212864251
133554083991498794
770385919914073515
409626671683039956
64553102640206854
123541422841961770
96933095994995884
341010112319927184
29169849183856426
266661890785524478
118083570218988987
388171555681028211
949338730512938636
363036436263406465
859948989776194242
40080473496633736
841574851534358818
88132527611960768
300948688350275556
147517079365501790
990482411123574860
207463557939931864
971087102400990027
259859045262785591
337362812526520935
48310066455446382
745509922288997979
988990951547365007
654452973204543742
810771472366918317
98073798464092562
463552053674829191
450967738404200938
139306314751916426
754476495286823393
117418213744958903
262914611177398128
537407122234001711
578388156797266167
349303660915750968
176303457250130084
223713705774329737
539128063212704654
17421109946097392
417248396984982571
413015709250502736
901591491876567763
925331927352559226
28076869864638238
10447564935245190
20397798974410220
632720451466892601
25180834922643928
553410670830196505
819910095902714330
598463828848729910
152844411822177533
623059644544488832
34882184797270743
590586224304646939
6347696703601931
407666033388877516
880169694185514315
74143674313454747
102668911698428750
901216299306646900
625355329386453105
626055859877163678
409097034179466526
55987653881523484
8218085310856721
93025339587541622
833034254405829394
632030455720432797
5561649375133034
25079733690386163
78734965285262124
79263676811421017
470776439673216777
824875765573445350
224161883578608419
880092250849517212
965061524358664465
