110
701953
268208
163525
905243
657161
922754
491780
489918
674529
949950
606001
180165
720848
474913
249761
783770
366215
102228
473427
459468
276227
594387
375912
94716
699548
609297
274281
995189
131967
983986
858014
356713
774987
21536
784749
432145
467084
799323
444856
141610
749270
50855
844571
992912
48561
94330
299472
937572
196558
772899
397038
995581
890079
295743
613091
589624
427833
887372
584810
82594
394148
442822
439307
169133
987154
746850
124071
454235
546170
568928
118639
818233
142576
963210
811142
191137
580333
110611
651503
776892
406303
48538
295263
296380
867077
908354
408797
294908
795724
993608
377502
189869
959223
339602
881798
469167
86449
5867
446196
155412
574795
564835
973646
717371
528042
784785
431301
108373
895397
82801
